 0.000 0.000 0.000 0.000 0.000 0.000 0.000 0.000 0.000 0.000 0.000 0.000 0.000 0.000 0.000 0.000 0.000 0.000 0.000 0.000 0.000 0.000 0.000 0.000 0.000 0.000 0.000 0.000 0.000 0.000 0.000 0.000 0.000 0.000 0.000 0.000 0.000 0.000 0.000 0.000 0.000 0.000 0.000 0.000 0.000 0.000 0.000 0.000 0.000 0.000 0.000 0.000 0.000 0.000 0.000 0.000 0.000 0.000 0.000 0.000
 0.000 0.000 0.000 0.000 0.000 0.000 0.000 0.000 0.000 0.000 0.000 0.000 0.000 0.000 0.000 0.000 0.000 0.000 0.000 0.000 0.000 0.000 0.000 0.000 0.000 0.000 0.000 0.000 0.000 0.000 0.000 0.000 0.000 0.000 0.000 0.000 0.000 0.000 0.000 0.000 0.000 0.000 0.000 0.000 0.000 0.000 0.000 0.000 0.000 0.000 0.000 0.000 0.000 0.000 0.000 0.000 0.000 0.000 0.000 0.000
 0.000 0.000 0.000 0.000 0.000 0.000 0.000 0.000 0.000 0.000 0.000 0.000 0.000 0.000 0.000 0.000 0.000 0.000 0.000 0.000 0.000 0.000 0.000 0.000 0.000 0.000 0.000 0.000 0.000 0.000 0.000 0.000 0.000 0.000 0.000 0.000 0.000 0.000 0.000 0.000 0.000 0.000 0.000 0.000 0.000 0.000 0.000 0.000 0.000 0.000 0.000 0.000 0.000 0.000 0.000 0.000 0.000 0.000 0.000 0.000
 0.000 0.000 0.000 0.000 0.000 0.000 0.000 0.000 0.000 0.000 0.000 0.000 0.000 0.000 0.000 0.000 0.000 0.000 0.000 0.000 0.000 0.001 0.001 0.001 0.001 0.001 0.001 0.001 0.001 0.001 0.000 0.000 0.000 0.000 0.000 0.000 0.000 0.000 0.000 0.000 0.000 0.000 0.000 0.000 0.000 0.000 0.000 0.000 0.000 0.000 0.000 0.000 0.000 0.000 0.000 0.000 0.000 0.000 0.000 0.000
 0.000 0.000 0.000 0.000 0.000 0.000 0.000 0.000 0.000 0.000 0.000 0.000 0.000 0.000 0.000 0.000 0.000 0.000 0.001 0.001 0.002 0.002 0.003 0.004 0.004 0.004 0.004 0.004 0.003 0.002 0.002 0.001 0.001 0.000 0.000 0.000 0.000 0.000 0.000 0.000 0.000 0.000 0.000 0.000 0.000 0.000 0.000 0.000 0.000 0.000 0.000 0.000 0.000 0.000 0.000 0.000 0.000 0.000 0.000 0.000
 0.000 0.000 0.000 0.000 0.000 0.000 0.000 0.000 0.000 0.000 0.000 0.000 0.000 0.000 0.000 0.000 0.001 0.001 0.003 0.005 0.007 0.009 0.011 0.013 0.014 0.015 0.014 0.013 0.011 0.009 0.007 0.005 0.003 0.001 0.001 0.000 0.000 0.000 0.000 0.000 0.000 0.000 0.000 0.000 0.000 0.000 0.000 0.000 0.000 0.000 0.000 0.000 0.000 0.000 0.000 0.000 0.000 0.000 0.000 0.000
 0.000 0.000 0.000 0.000 0.000 0.000 0.000 0.000 0.000 0.000 0.000 0.000 0.000 0.000 0.000 0.001 0.003 0.006 0.010 0.015 0.021 0.027 0.031 0.035 0.038 0.039 0.038 0.035 0.031 0.027 0.021 0.015 0.010 0.006 0.003 0.001 0.000 0.000 0.000 0.000 0.000 0.000 0.000 0.000 0.000 0.000 0.000 0.000 0.000 0.000 0.000 0.000 0.000 0.000 0.000 0.000 0.000 0.000 0.000 0.000
 0.000 0.000 0.000 0.000 0.000 0.000 0.000 0.000 0.000 0.000 0.000 0.000 0.000 0.001 0.002 0.005 0.011 0.019 0.029 0.039 0.050 0.060 0.068 0.074 0.078 0.079 0.078 0.074 0.068 0.060 0.050 0.039 0.029 0.019 0.011 0.005 0.002 0.001 0.000 0.000 0.000 0.000 0.000 0.000 0.000 0.000 0.000 0.000 0.000 0.000 0.000 0.000 0.000 0.000 0.000 0.000 0.000 0.000 0.000 0.000
 0.000 0.000 0.000 0.000 0.000 0.000 0.000 0.000 0.000 0.000 0.000 0.000 0.001 0.003 0.008 0.017 0.030 0.046 0.063 0.080 0.095 0.107 0.117 0.124 0.128 0.129 0.128 0.124 0.117 0.107 0.095 0.080 0.063 0.046 0.030 0.017 0.008 0.003 0.001 0.000 0.000 0.000 0.000 0.000 0.000 0.000 0.000 0.000 0.000 0.000 0.000 0.000 0.000 0.000 0.000 0.000 0.000 0.000 0.000 0.000
 0.000 0.000 0.000 0.000 0.000 0.000 0.000 0.000 0.000 0.000 0.000 0.001 0.004 0.011 0.024 0.043 0.066 0.089 0.110 0.129 0.143 0.155 0.163 0.168 0.171 0.172 0.171 0.168 0.163 0.155 0.143 0.129 0.110 0.089 0.066 0.043 0.024 0.011 0.004 0.001 0.000 0.000 0.000 0.000 0.000 0.000 0.000 0.000 0.000 0.000 0.000 0.000 0.000 0.000 0.000 0.000 0.000 0.000 0.000 0.000
 0.000 0.000 0.000 0.000 0.000 0.000 0.000 0.000 0.000 0.000 0.001 0.004 0.013 0.030 0.055 0.084 0.112 0.135 0.154 0.168 0.178 0.185 0.190 0.193 0.194 0.195 0.194 0.193 0.190 0.185 0.178 0.168 0.154 0.135 0.112 0.084 0.055 0.030 0.013 0.004 0.001 0.000 0.000 0.000 0.000 0.000 0.000 0.000 0.000 0.000 0.000 0.000 0.000 0.000 0.000 0.000 0.000 0.000 0.000 0.000
 0.000 0.000 0.000 0.000 0.000 0.000 0.000 0.000 0.000 0.001 0.004 0.013 0.033 0.064 0.098 0.128 0.151 0.169 0.181 0.189 0.195 0.198 0.200 0.201 0.201 0.201 0.201 0.201 0.200 0.198 0.195 0.189 0.181 0.169 0.151 0.128 0.098 0.064 0.033 0.013 0.004 0.001 0.000 0.000 0.000 0.000 0.000 0.000 0.000 0.000 0.000 0.000 0.000 0.000 0.000 0.000 0.000 0.000 0.000 0.000
 0.000 0.000 0.000 0.000 0.000 0.000 0.000 0.000 0.001 0.004 0.013 0.033 0.067 0.106 0.136 0.158 0.175 0.188 0.195 0.201 0.203 0.203 0.202 0.200 0.199 0.198 0.199 0.200 0.202 0.203 0.203 0.201 0.195 0.188 0.175 0.158 0.136 0.106 0.067 0.033 0.013 0.004 0.001 0.000 0.000 0.000 0.000 0.000 0.000 0.000 0.000 0.000 0.000 0.000 0.000 0.000 0.000 0.000 0.000 0.000
 0.000 0.000 0.000 0.000 0.000 0.000 0.000 0.001 0.003 0.011 0.030 0.064 0.106 0.139 0.160 0.178 0.194 0.201 0.206 0.205 0.199 0.194 0.185 0.181 0.175 0.175 0.175 0.181 0.185 0.194 0.199 0.205 0.206 0.201 0.194 0.178 0.160 0.139 0.106 0.064 0.030 0.011 0.003 0.001 0.000 0.000 0.000 0.000 0.000 0.000 0.000 0.000 0.000 0.000 0.000 0.000 0.000 0.000 0.000 0.000
 0.000 0.000 0.000 0.000 0.000 0.000 0.000 0.002 0.008 0.024 0.055 0.098 0.136 0.160 0.179 0.199 0.206 0.205 0.202 0.188 0.176 0.161 0.148 0.138 0.130 0.130 0.130 0.138 0.148 0.161 0.176 0.188 0.202 0.205 0.206 0.199 0.179 0.160 0.136 0.098 0.055 0.024 0.008 0.002 0.000 0.000 0.000 0.000 0.000 0.000 0.000 0.000 0.000 0.000 0.000 0.000 0.000 0.000 0.000 0.000
 0.000 0.000 0.000 0.000 0.000 0.000 0.001 0.005 0.017 0.043 0.084 0.128 0.158 0.178 0.199 0.208 0.202 0.196 0.179 0.158 0.140 0.116 0.101 0.084 0.078 0.072 0.078 0.084 0.101 0.116 0.140 0.158 0.179 0.196 0.202 0.208 0.199 0.178 0.158 0.128 0.084 0.043 0.017 0.005 0.001 0.000 0.000 0.000 0.000 0.000 0.000 0.000 0.000 0.000 0.000 0.000 0.000 0.000 0.000 0.000
 0.000 0.000 0.000 0.000 0.000 0.001 0.003 0.011 0.030 0.066 0.112 0.151 0.175 0.194 0.206 0.202 0.193 0.177 0.148 0.124 0.092 0.064 0.041 0.019 0.010 0.003 0.010 0.019 0.041 0.064 0.092 0.124 0.148 0.177 0.193 0.202 0.206 0.194 0.175 0.151 0.112 0.066 0.030 0.011 0.003 0.001 0.000 0.000 0.000 0.000 0.000 0.000 0.000 0.000 0.000 0.000 0.000 0.000 0.000 0.000
 0.000 0.000 0.000 0.000 0.000 0.001 0.006 0.019 0.046 0.089 0.135 0.169 0.188 0.201 0.205 0.196 0.177 0.146 0.111 0.074 0.032 0.000-0.033-0.053-0.069-0.072-0.069-0.053-0.033 0.000 0.032 0.074 0.111 0.146 0.177 0.196 0.205 0.201 0.188 0.169 0.135 0.089 0.046 0.019 0.006 0.002 0.000 0.000 0.000 0.000 0.000 0.000 0.000 0.000 0.000 0.000 0.000 0.000 0.000 0.000
 0.000 0.000 0.000 0.000 0.001 0.003 0.010 0.029 0.063 0.110 0.154 0.181 0.195 0.206 0.202 0.179 0.148 0.111 0.066 0.019-0.026-0.067-0.101-0.126-0.143-0.147-0.143-0.126-0.101-0.067-0.026 0.019 0.066 0.111 0.148 0.179 0.202 0.206 0.195 0.181 0.154 0.110 0.063 0.029 0.010 0.003 0.001 0.000 0.000 0.000 0.000 0.000 0.000 0.000 0.000 0.000 0.000 0.000 0.000 0.000
 0.000 0.000 0.000 0.000 0.001 0.005 0.015 0.039 0.080 0.129 0.168 0.189 0.201 0.205 0.188 0.158 0.124 0.074 0.019-0.034-0.088-0.132-0.171-0.197-0.214-0.219-0.214-0.197-0.171-0.132-0.088-0.034 0.019 0.074 0.124 0.158 0.188 0.205 0.201 0.189 0.168 0.129 0.080 0.039 0.016 0.005 0.001 0.000 0.000 0.000 0.000 0.000 0.000 0.000 0.000 0.000 0.000 0.000 0.000 0.000
 0.000 0.000 0.000 0.000 0.002 0.007 0.021 0.050 0.095 0.143 0.178 0.195 0.203 0.199 0.176 0.140 0.092 0.032-0.026-0.088-0.144-0.192-0.232-0.256-0.273-0.275-0.273-0.256-0.232-0.192-0.144-0.088-0.026 0.032 0.092 0.140 0.176 0.199 0.203 0.195 0.178 0.143 0.095 0.050 0.021 0.007 0.002 0.000 0.000 0.000 0.000 0.000 0.000 0.000 0.000 0.000 0.000 0.000 0.000 0.000
 0.000 0.000 0.000 0.001 0.002 0.009 0.027 0.060 0.107 0.155 0.185 0.198 0.203 0.194 0.161 0.116 0.064 0.000-0.067-0.132-0.192-0.241-0.277-0.301-0.312-0.315-0.312-0.301-0.277-0.241-0.192-0.132-0.067 0.000 0.064 0.116 0.161 0.194 0.203 0.198 0.185 0.155 0.107 0.060 0.027 0.010 0.003 0.001 0.000 0.000 0.000 0.000 0.000 0.000 0.000 0.000 0.000 0.000 0.000 0.000
 0.000 0.000 0.000 0.001 0.003 0.011 0.031 0.068 0.117 0.163 0.190 0.200 0.202 0.185 0.148 0.101 0.041-0.033-0.101-0.171-0.232-0.277-0.311-0.326-0.331-0.327-0.331-0.326-0.311-0.277-0.232-0.171-0.101-0.033 0.041 0.101 0.148 0.185 0.202 0.200 0.190 0.163 0.117 0.068 0.032 0.012 0.004 0.001 0.000 0.000 0.000 0.000 0.000 0.000 0.000 0.000 0.000 0.000 0.000 0.000
 0.000 0.000 0.000 0.001 0.004 0.013 0.035 0.074 0.124 0.168 0.193 0.200 0.200 0.181 0.138 0.084 0.019-0.053-0.126-0.197-0.256-0.301-0.326-0.331-0.317-0.303-0.317-0.331-0.326-0.301-0.256-0.197-0.126-0.053 0.019 0.084 0.138 0.181 0.200 0.201 0.193 0.168 0.124 0.074 0.036 0.014 0.004 0.001 0.000 0.000 0.000 0.000 0.000 0.000 0.000 0.000 0.000 0.000 0.000 0.000
 0.000 0.000 0.000 0.001 0.004 0.014 0.038 0.078 0.128 0.171 0.194 0.201 0.199 0.175 0.130 0.078 0.010-0.069-0.143-0.214-0.273-0.312-0.331-0.317-0.276-0.219-0.276-0.317-0.331-0.312-0.273-0.214-0.143-0.069 0.010 0.078 0.130 0.175 0.199 0.201 0.194 0.171 0.128 0.078 0.038 0.015 0.005 0.001 0.000 0.000 0.000 0.000 0.000 0.000 0.000 0.000 0.000 0.000 0.000 0.000
 0.000 0.000 0.000 0.001 0.004 0.015 0.039 0.079 0.130 0.172 0.195 0.201 0.198 0.175 0.130 0.072 0.003-0.072-0.147-0.219-0.275-0.315-0.327-0.303-0.219-0.000-0.219-0.303-0.327-0.315-0.275-0.219-0.147-0.072 0.003 0.072 0.130 0.175 0.198 0.201 0.195 0.172 0.130 0.079 0.039 0.016 0.005 0.001 0.000 0.000 0.000 0.000 0.000 0.000 0.000 0.000 0.000 0.000 0.000 0.000
 0.000 0.000 0.000 0.001 0.004 0.014 0.038 0.078 0.128 0.171 0.194 0.201 0.199 0.175 0.130 0.078 0.010-0.069-0.143-0.214-0.273-0.312-0.331-0.317-0.276-0.219-0.276-0.317-0.331-0.312-0.273-0.214-0.143-0.069 0.010 0.078 0.130 0.175 0.199 0.201 0.194 0.171 0.128 0.078 0.038 0.015 0.005 0.001 0.000 0.000 0.000 0.000 0.000 0.000 0.000 0.000 0.000 0.000 0.000 0.000
 0.000 0.000 0.000 0.001 0.004 0.013 0.035 0.074 0.124 0.168 0.193 0.200 0.200 0.181 0.138 0.084 0.019-0.053-0.126-0.197-0.256-0.301-0.326-0.331-0.317-0.303-0.317-0.331-0.326-0.301-0.256-0.197-0.126-0.053 0.019 0.084 0.138 0.181 0.200 0.201 0.193 0.168 0.124 0.074 0.036 0.014 0.004 0.001 0.000 0.000 0.000 0.000 0.000 0.000 0.000 0.000 0.000 0.000 0.000 0.000
 0.000 0.000 0.000 0.001 0.003 0.011 0.031 0.068 0.117 0.163 0.190 0.200 0.202 0.185 0.148 0.101 0.041-0.033-0.101-0.171-0.232-0.277-0.311-0.326-0.331-0.327-0.331-0.326-0.311-0.277-0.232-0.171-0.101-0.033 0.041 0.101 0.148 0.185 0.202 0.200 0.190 0.163 0.117 0.068 0.032 0.012 0.004 0.001 0.000 0.000 0.000 0.000 0.000 0.000 0.000 0.000 0.000 0.000 0.000 0.000
 0.000 0.000 0.000 0.001 0.002 0.009 0.027 0.060 0.107 0.155 0.185 0.198 0.203 0.194 0.161 0.116 0.064 0.000-0.067-0.132-0.192-0.241-0.277-0.301-0.312-0.315-0.312-0.301-0.277-0.241-0.192-0.132-0.067 0.000 0.064 0.116 0.161 0.194 0.203 0.198 0.185 0.155 0.107 0.060 0.027 0.010 0.003 0.001 0.000 0.000 0.000 0.000 0.000 0.000 0.000 0.000 0.000 0.000 0.000 0.000
 0.000 0.000 0.000 0.000 0.002 0.007 0.021 0.050 0.095 0.143 0.178 0.195 0.203 0.199 0.176 0.140 0.092 0.032-0.026-0.088-0.144-0.192-0.232-0.256-0.273-0.275-0.273-0.256-0.232-0.192-0.144-0.088-0.026 0.032 0.092 0.140 0.176 0.199 0.203 0.195 0.178 0.143 0.095 0.050 0.021 0.007 0.002 0.000 0.000 0.000 0.000 0.000 0.000 0.000 0.000 0.000 0.000 0.000 0.000 0.000
 0.000 0.000 0.000 0.000 0.001 0.005 0.015 0.039 0.080 0.129 0.168 0.189 0.201 0.205 0.188 0.158 0.124 0.074 0.019-0.034-0.088-0.132-0.171-0.197-0.214-0.219-0.214-0.197-0.171-0.132-0.088-0.034 0.019 0.074 0.124 0.158 0.188 0.205 0.201 0.189 0.168 0.129 0.080 0.039 0.016 0.005 0.001 0.000 0.000 0.000 0.000 0.000 0.000 0.000 0.000 0.000 0.000 0.000 0.000 0.000
 0.000 0.000 0.000 0.000 0.001 0.003 0.010 0.029 0.063 0.110 0.154 0.181 0.195 0.206 0.202 0.179 0.148 0.111 0.066 0.019-0.026-0.067-0.101-0.126-0.143-0.147-0.143-0.126-0.101-0.067-0.026 0.019 0.066 0.111 0.148 0.179 0.202 0.206 0.195 0.181 0.154 0.110 0.063 0.029 0.010 0.003 0.001 0.000 0.000 0.000 0.000 0.000 0.000 0.000 0.000 0.000 0.000 0.000 0.000 0.000
 0.000 0.000 0.000 0.000 0.000 0.001 0.006 0.019 0.046 0.089 0.135 0.169 0.188 0.201 0.205 0.196 0.177 0.146 0.111 0.074 0.032 0.000-0.033-0.053-0.069-0.072-0.069-0.053-0.033 0.000 0.032 0.074 0.111 0.146 0.177 0.196 0.205 0.201 0.188 0.169 0.135 0.089 0.046 0.019 0.006 0.002 0.000 0.000 0.000 0.000 0.000 0.000 0.000 0.000 0.000 0.000 0.000 0.000 0.000 0.000
 0.000 0.000 0.000 0.000 0.000 0.001 0.003 0.011 0.030 0.066 0.112 0.151 0.175 0.194 0.206 0.202 0.193 0.177 0.148 0.124 0.092 0.064 0.041 0.019 0.010 0.003 0.010 0.019 0.041 0.064 0.092 0.124 0.148 0.177 0.193 0.202 0.206 0.194 0.175 0.151 0.112 0.066 0.030 0.011 0.003 0.001 0.000 0.000 0.000 0.000 0.000 0.000 0.000 0.000 0.000 0.000 0.000 0.000 0.000 0.000
 0.000 0.000 0.000 0.000 0.000 0.000 0.001 0.005 0.017 0.043 0.084 0.128 0.158 0.178 0.199 0.208 0.202 0.196 0.179 0.158 0.140 0.116 0.101 0.084 0.078 0.072 0.078 0.084 0.101 0.116 0.140 0.158 0.179 0.196 0.202 0.208 0.199 0.178 0.158 0.128 0.084 0.043 0.017 0.005 0.001 0.000 0.000 0.000 0.000 0.000 0.000 0.000 0.000 0.000 0.000 0.000 0.000 0.000 0.000 0.000
 0.000 0.000 0.000 0.000 0.000 0.000 0.000 0.002 0.008 0.024 0.055 0.098 0.136 0.160 0.179 0.199 0.206 0.205 0.202 0.188 0.176 0.161 0.148 0.138 0.130 0.130 0.130 0.138 0.148 0.161 0.176 0.188 0.202 0.205 0.206 0.199 0.179 0.160 0.136 0.098 0.055 0.024 0.008 0.002 0.000 0.000 0.000 0.000 0.000 0.000 0.000 0.000 0.000 0.000 0.000 0.000 0.000 0.000 0.000 0.000
 0.000 0.000 0.000 0.000 0.000 0.000 0.000 0.001 0.003 0.011 0.030 0.064 0.106 0.139 0.160 0.178 0.194 0.201 0.206 0.205 0.199 0.194 0.185 0.181 0.175 0.175 0.175 0.181 0.185 0.194 0.199 0.205 0.206 0.201 0.194 0.178 0.160 0.139 0.106 0.064 0.030 0.011 0.003 0.001 0.000 0.000 0.000 0.000 0.000 0.000 0.000 0.000 0.000 0.000 0.000 0.000 0.000 0.000 0.000 0.000
 0.000 0.000 0.000 0.000 0.000 0.000 0.000 0.000 0.001 0.004 0.013 0.033 0.067 0.106 0.136 0.158 0.175 0.188 0.195 0.201 0.203 0.203 0.202 0.200 0.199 0.198 0.199 0.200 0.202 0.203 0.203 0.201 0.195 0.188 0.175 0.158 0.136 0.106 0.067 0.033 0.013 0.004 0.001 0.000 0.000 0.000 0.000 0.000 0.000 0.000 0.000 0.000 0.000 0.000 0.000 0.000 0.000 0.000 0.000 0.000
 0.000 0.000 0.000 0.000 0.000 0.000 0.000 0.000 0.000 0.001 0.004 0.013 0.033 0.064 0.098 0.128 0.151 0.169 0.181 0.189 0.195 0.198 0.200 0.201 0.201 0.201 0.201 0.201 0.200 0.198 0.195 0.189 0.181 0.169 0.151 0.128 0.098 0.064 0.033 0.013 0.004 0.001 0.000 0.000 0.000 0.000 0.000 0.000 0.000 0.000 0.000 0.000 0.000 0.000 0.000 0.000 0.000 0.000 0.000 0.000
 0.000 0.000 0.000 0.000 0.000 0.000 0.000 0.000 0.000 0.000 0.001 0.004 0.013 0.030 0.055 0.084 0.112 0.135 0.154 0.168 0.178 0.185 0.190 0.193 0.194 0.195 0.194 0.193 0.190 0.185 0.178 0.168 0.154 0.135 0.112 0.084 0.055 0.030 0.013 0.004 0.001 0.000 0.000 0.000 0.000 0.000 0.000 0.000 0.000 0.000 0.000 0.000 0.000 0.000 0.000 0.000 0.000 0.000 0.000 0.000
 0.000 0.000 0.000 0.000 0.000 0.000 0.000 0.000 0.000 0.000 0.000 0.001 0.004 0.011 0.024 0.043 0.066 0.089 0.110 0.129 0.143 0.155 0.163 0.168 0.171 0.172 0.171 0.168 0.163 0.155 0.143 0.129 0.110 0.089 0.066 0.043 0.024 0.011 0.004 0.001 0.000 0.000 0.000 0.000 0.000 0.000 0.000 0.000 0.000 0.000 0.000 0.000 0.000 0.000 0.000 0.000 0.000 0.000 0.000 0.000
 0.000 0.000 0.000 0.000 0.000 0.000 0.000 0.000 0.000 0.000 0.000 0.000 0.001 0.003 0.008 0.017 0.030 0.046 0.063 0.080 0.095 0.107 0.117 0.124 0.128 0.130 0.128 0.124 0.117 0.107 0.095 0.080 0.063 0.046 0.030 0.017 0.008 0.003 0.001 0.000 0.000 0.000 0.000 0.000 0.000 0.000 0.000 0.000 0.000 0.000 0.000 0.000 0.000 0.000 0.000 0.000 0.000 0.000 0.000 0.000
 0.000 0.000 0.000 0.000 0.000 0.000 0.000 0.000 0.000 0.000 0.000 0.000 0.000 0.001 0.002 0.005 0.011 0.019 0.029 0.039 0.050 0.060 0.068 0.074 0.078 0.079 0.078 0.074 0.068 0.060 0.050 0.039 0.029 0.019 0.011 0.005 0.002 0.001 0.000 0.000 0.000 0.000 0.000 0.000 0.000 0.000 0.000 0.000 0.000 0.000 0.000 0.000 0.000 0.000 0.000 0.000 0.000 0.000 0.000 0.000
 0.000 0.000 0.000 0.000 0.000 0.000 0.000 0.000 0.000 0.000 0.000 0.000 0.000 0.000 0.000 0.001 0.003 0.006 0.010 0.016 0.021 0.027 0.032 0.036 0.038 0.039 0.038 0.036 0.032 0.027 0.021 0.016 0.010 0.006 0.003 0.001 0.000 0.000 0.000 0.000 0.000 0.000 0.000 0.000 0.000 0.000 0.000 0.000 0.000 0.000 0.000 0.000 0.000 0.000 0.000 0.000 0.000 0.000 0.000 0.000
 0.000 0.000 0.000 0.000 0.000 0.000 0.000 0.000 0.000 0.000 0.000 0.000 0.000 0.000 0.000 0.000 0.001 0.002 0.003 0.005 0.007 0.010 0.012 0.014 0.015 0.016 0.015 0.014 0.012 0.010 0.007 0.005 0.003 0.002 0.001 0.000 0.000 0.000 0.000 0.000 0.000 0.000 0.000 0.000 0.000 0.000 0.000 0.000 0.000 0.000 0.000 0.000 0.000 0.000 0.000 0.000 0.000 0.000 0.000 0.000
 0.000 0.000 0.000 0.000 0.000 0.000 0.000 0.000 0.000 0.000 0.000 0.000 0.000 0.000 0.000 0.000 0.000 0.000 0.001 0.001 0.002 0.003 0.004 0.004 0.005 0.005 0.005 0.004 0.004 0.003 0.002 0.001 0.001 0.000 0.000 0.000 0.000 0.000 0.000 0.000 0.000 0.000 0.000 0.000 0.000 0.000 0.000 0.000 0.000 0.000 0.000 0.000 0.000 0.000 0.000 0.000 0.000 0.000 0.000 0.000
 0.000 0.000 0.000 0.000 0.000 0.000 0.000 0.000 0.000 0.000 0.000 0.000 0.000 0.000 0.000 0.000 0.000 0.000 0.000 0.000 0.000 0.001 0.001 0.001 0.001 0.001 0.001 0.001 0.001 0.001 0.000 0.000 0.000 0.000 0.000 0.000 0.000 0.000 0.000 0.000 0.000 0.000 0.000 0.000 0.000 0.000 0.000 0.000 0.000 0.000 0.000 0.000 0.000 0.000 0.000 0.000 0.000 0.000 0.000 0.000
 0.000 0.000 0.000 0.000 0.000 0.000 0.000 0.000 0.000 0.000 0.000 0.000 0.000 0.000 0.000 0.000 0.000 0.000 0.000 0.000 0.000 0.000 0.000 0.000 0.000 0.000 0.000 0.000 0.000 0.000 0.000 0.000 0.000 0.000 0.000 0.000 0.000 0.000 0.000 0.000 0.000 0.000 0.000 0.000 0.000 0.000 0.000 0.000 0.000 0.000 0.000 0.000 0.000 0.000 0.000 0.000 0.000 0.000 0.000 0.000
 0.000 0.000 0.000 0.000 0.000 0.000 0.000 0.000 0.000 0.000 0.000 0.000 0.000 0.000 0.000 0.000 0.000 0.000 0.000 0.000 0.000 0.000 0.000 0.000 0.000 0.000 0.000 0.000 0.000 0.000 0.000 0.000 0.000 0.000 0.000 0.000 0.000 0.000 0.000 0.000 0.000 0.000 0.000 0.000 0.000 0.000 0.000 0.000 0.000 0.000 0.000 0.000 0.000 0.000 0.000 0.000 0.000 0.000 0.000 0.000
 0.000 0.000 0.000 0.000 0.000 0.000 0.000 0.000 0.000 0.000 0.000 0.000 0.000 0.000 0.000 0.000 0.000 0.000 0.000 0.000 0.000 0.000 0.000 0.000 0.000 0.000 0.000 0.000 0.000 0.000 0.000 0.000 0.000 0.000 0.000 0.000 0.000 0.000 0.000 0.000 0.000 0.000 0.000 0.000 0.000 0.000 0.000 0.000 0.000 0.000 0.000 0.000 0.000 0.000 0.000 0.000 0.000 0.000 0.000 0.000
 0.000 0.000 0.000 0.000 0.000 0.000 0.000 0.000 0.000 0.000 0.000 0.000 0.000 0.000 0.000 0.000 0.000 0.000 0.000 0.000 0.000 0.000 0.000 0.000 0.000 0.000 0.000 0.000 0.000 0.000 0.000 0.000 0.000 0.000 0.000 0.000 0.000 0.000 0.000 0.000 0.000 0.000 0.000 0.000 0.000 0.000 0.000 0.000 0.000 0.000 0.000 0.000 0.000 0.000 0.000 0.000 0.000 0.000 0.000 0.000
 0.000 0.000 0.000 0.000 0.000 0.000 0.000 0.000 0.000 0.000 0.000 0.000 0.000 0.000 0.000 0.000 0.000 0.000 0.000 0.000 0.000 0.000 0.000 0.000 0.000 0.000 0.000 0.000 0.000 0.000 0.000 0.000 0.000 0.000 0.000 0.000 0.000 0.000 0.000 0.000 0.000 0.000 0.000 0.000 0.000 0.000 0.000 0.000 0.000 0.000 0.000 0.000 0.000 0.000 0.000 0.000 0.000 0.000 0.000 0.000
 0.000 0.000 0.000 0.000 0.000 0.000 0.000 0.000 0.000 0.000 0.000 0.000 0.000 0.000 0.000 0.000 0.000 0.000 0.000 0.000 0.000 0.000 0.000 0.000 0.000 0.000 0.000 0.000 0.000 0.000 0.000 0.000 0.000 0.000 0.000 0.000 0.000 0.000 0.000 0.000 0.000 0.000 0.000 0.000 0.000 0.000 0.000 0.000 0.000 0.000 0.000 0.000 0.000 0.000 0.000 0.000 0.000 0.000 0.000 0.000
 0.000 0.000 0.000 0.000 0.000 0.000 0.000 0.000 0.000 0.000 0.000 0.000 0.000 0.000 0.000 0.000 0.000 0.000 0.000 0.000 0.000 0.000 0.000 0.000 0.000 0.000 0.000 0.000 0.000 0.000 0.000 0.000 0.000 0.000 0.000 0.000 0.000 0.000 0.000 0.000 0.000 0.000 0.000 0.000 0.000 0.000 0.000 0.000 0.000 0.000 0.000 0.000 0.000 0.000 0.000 0.000 0.000 0.000 0.000 0.000
 0.000 0.000 0.000 0.000 0.000 0.000 0.000 0.000 0.000 0.000 0.000 0.000 0.000 0.000 0.000 0.000 0.000 0.000 0.000 0.000 0.000 0.000 0.000 0.000 0.000 0.000 0.000 0.000 0.000 0.000 0.000 0.000 0.000 0.000 0.000 0.000 0.000 0.000 0.000 0.000 0.000 0.000 0.000 0.000 0.000 0.000 0.000 0.000 0.000 0.000 0.000 0.000 0.000 0.000 0.000 0.000 0.000 0.000 0.000 0.000
 0.000 0.000 0.000 0.000 0.000 0.000 0.000 0.000 0.000 0.000 0.000 0.000 0.000 0.000 0.000 0.000 0.000 0.000 0.000 0.000 0.000 0.000 0.000 0.000 0.000 0.000 0.000 0.000 0.000 0.000 0.000 0.000 0.000 0.000 0.000 0.000 0.000 0.000 0.000 0.000 0.000 0.000 0.000 0.000 0.000 0.000 0.000 0.000 0.000 0.000 0.000 0.000 0.000 0.000 0.000 0.000 0.000 0.000 0.000 0.000
 0.000 0.000 0.000 0.000 0.000 0.000 0.000 0.000 0.000 0.000 0.000 0.000 0.000 0.000 0.000 0.000 0.000 0.000 0.000 0.000 0.000 0.000 0.000 0.000 0.000 0.000 0.000 0.000 0.000 0.000 0.000 0.000 0.000 0.000 0.000 0.000 0.000 0.000 0.000 0.000 0.000 0.000 0.000 0.000 0.000 0.000 0.000 0.000 0.000 0.000 0.000 0.000 0.000 0.000 0.000 0.000 0.000 0.000 0.000 0.000
 0.000 0.000 0.000 0.000 0.000 0.000 0.000 0.000 0.000 0.000 0.000 0.000 0.000 0.000 0.000 0.000 0.000 0.000 0.000 0.000 0.000 0.000 0.000 0.000 0.000 0.000 0.000 0.000 0.000 0.000 0.000 0.000 0.000 0.000 0.000 0.000 0.000 0.000 0.000 0.000 0.000 0.000 0.000 0.000 0.000 0.000 0.000 0.000 0.000 0.000 0.000 0.000 0.000 0.000 0.000 0.000 0.000 0.000 0.000 0.000
 0.000 0.000 0.000 0.000 0.000 0.000 0.000 0.000 0.000 0.000 0.000 0.000 0.000 0.000 0.000 0.000 0.000 0.000 0.000 0.000 0.000 0.000 0.000 0.000 0.000 0.000 0.000 0.000 0.000 0.000 0.000 0.000 0.000 0.000 0.000 0.000 0.000 0.000 0.000 0.000 0.000 0.000 0.000 0.000 0.000 0.000 0.000 0.000 0.000 0.000 0.000 0.000 0.000 0.000 0.000 0.000 0.000 0.000 0.000 0.000
